date: 2024-08-10 2024-08-11 2024-08-12 2024-08-13 2024-08-14 2024-08-15 2024-08-19 2024-08-27
weather_code: 3.0 61.0 3.0 55.0 3.0 63.0 3.0 5.0
temperature_max: 54.9464 52.6064 61.9664 52.2464 52.6064 48.4664 61.0 62.3581
temperature_min: 44.2364 47.1164 48.6464 47.9264 42.796402 40.0064 42.56 41.3478
precipitation_sum: 0.0 0.22440945 0.0 0.1456693 0.0 0.2952756 70.0 0.0
wind_speed_max: 9.309791 10.116089 8.249648 10.711936 13.588738 7.4495792 13.56 12.897
precipitation_probability_max: 45.0 100.0 100.0 100.0 97.0 100 58.0 56.0
